&NAMDAT
 NPART=      10000,
 NTSTEP=          1,
 NSURF=         11,
 TIMEST= 3.00000000000000008E-005,
 EPSMIN= 1.00000000000000002E-002,
 EPSMAX= 1.09999999999999994E-002,
 EPSFE= 0.40000000000000002     ,
 CPMAX=  30000000.000000000     ,
 CPZERO= 2.00000000000000010E-004,
 EECRAT=  20.000000000000000     ,
 ZEFF=  1.0000000000000000     ,
 CNE0= 2.00000000000000000E+019,
 EQUDEN= 0.99000010000000005     ,
 EXPDEN= 9.99999999999999955E-008,
 TEMPE0=  1.0000000000000000     ,
 EQUTEM= 0.90000100000000005     ,
 EXPTEM= 1.00000000000000004E-010,
 B0=  3.0000000000000000     ,
 RMAJOR=  3.0000000000000000     ,
 CLNLAM=  18.000000000000000     ,
 DBBRAT=  0.0000000000000000     ,
 FRACIN=  1.0000000000000000     ,
 TSTOPN=  400000.40000000002     ,
 CPMAXD=  20.000000000000000     ,
 FWB=  2.0000000000000000     ,
 RCPN=  6.0000000000000000     ,
 TTEDEC= 7.90000000000000077E-003,
 TEMIN= 5.00000000000000010E-003,
 EFDBCK= 0.50000000000000000     ,
 TEMPEB=  2.2000000000000002     ,
 NEPSD=          1,
 NPD=         10,
 NTAV=          4,
 LSCEF=          0,
 LSOURC=          0,
 LSYNC=          0,
 LOUT1=          1,
 /

 NETOT        =  1.28976581220375706E+018
 TAU          =  9.27777777777777785E-002
 ECRIT        =  1.83233532934131728E-002
 ED           =   9.3665643886045693     
 B**2 / ECRIT =   491.17647058823530     
 GAMRP        =  0.39087891423309590     
 GAMH         =  0.52777777777777779     
 E/ED         =  3.91250249999999938E-002
 GAMKB        =  0.19373117650444074     
 CORRCH       =  0.81952220700168765     
 PTH          =  4.42300388850105849E-002
 TAUT         =  8.02751109776691181E-006
 NIST2=           0
 NIST3=           0
 NIST4=           0
